79
168
213
239
236
355
426
468
433
443
525
551
527
518
511
532
517
470
561
760
801
766
716
666
610
629
589
686
816
767
725
672
666
679
665
715
761
738
744
676
586
548
532
565
645
606
618
630
705
687
624
592
611
700
724
712
680
706
692
662
623
618
655
617
646
821
857
831
803
820
999
986
913
842
891
863
835
883
941
955
893
891
840
861
803
796
965
1026
925
881
833
819
737
660
597
640
641
587
674
698
671
650
586
634
599
574
530
502
500
541
490
472
426
386
387
394
482
444
455
431
387
352
379
362
342
419
419
399
375
341
305
326
332
403
419
420
395
372
351
395
442
416
421
434
429
402
345
290
279
333
328
327
343
340
331
306
270
273
274
272
265
264
268
273
252
200
195
239
251
290
346
351
321
295
298
302
374
367
348
333
325
354
379
362
374
375
368
409
401
415
483
455
489
499
525
619
605
590
555
594
587
580
537
508
450
440
392
317
279
237
231
256
254
312
321
304
298
310
278
261
244
246
258
237
231
250
247
233
264
240
221
211
184
148
140
131
113
135
186
210
193
190
181
160
125
115
103
142
147
146
131
122
135
129
129
110
103
108
111
121
117
129
135
123
121
98
85
67
51
47
45
43
41
34
27
39
41
37
36
32
55
123
142
140
149
133
122
136
136
153
148
132
109
97
92
82
56
48
55
46
41
65
100
126
138
145
161
147
147
144
146
157
150
136
115
117
108
101
120
156
193
199
208
234
337
329
309
270
288
282
370
401
499
545
575
535
469
432
385
364
359
382
401
391
347
333
329
301
321
314
283
325
348
325
328
293
269
266
266
273
345
323
300
290
308
304
296
255
190
187
210
219
224
226
237
248
251
218
199
186
170
165
188
171
187
199
208
229
210
173
174
193
198
209
222
222
222
205
217
250
271
283
309
340
365
362
322
295
323
312
352
360
355
367
346
343
305
264
206
176
150
140
136
116
104
100
140
215
212
219
222
206
200
227
187
179
184
192
198
196
179
143
167
199
194
178
172
169
167
173
170
153
159
175
196
191
206
179
155
178
169
166
147
171
199
280
291
260
221
213
200
190
204
199
229
238
241
273
320
296
309
469
512
519
471
412
357
356
335
313
325
366
395
373
393
373
337
358
355
362
438
500
524
527
551
535
496
464
468
411
497
478
408
436
398
358
357
393
364
319
278
303
373
377
336
419
441
488
462
393
376
390
472
516
594
626
605
573
495
454
446
441
420
443
396
370
421
390
405
368
346
380
388
373
335
339
315
305
300
312
326
360
355
375
350
317
315
314
328
353
336
328
322
299
360
343
326
269
238
249
299
279
259
290
269
244
218
216
205
206
175
157
149
139
158
141
171
222
329
439
429
390
355
330
302
303
299
340
358
341
341
348
329
343
396
496
508
490
439
404
369
311
330
363
394
395
368
361
345
344
311
265
248
265
254
225
192
174
211
251
327
356
362
329
276
272
273
338
338
411
409
389
378
340
311
296
382
410
440
427
421
377
334
325
324
354
344
349
369
362
337
311
357
442
410
394
449
499
451
452
517
570
619
590
554
612
605
545
517
573
680
654
591
508
470
463
435
417
407
409
387
379
369
320
307
302
274
277
260
235
235
236
195
186
175
160
168
163
200
239
259
240
229
215
225
209
251
227
248
258
250
222
204
194
197
208
219
267
287
286
301
278
269
289
252
298
408
430
431
401
356
316
320
319
341
502
538
509
488
480
457
434
352
330
337
375
352
334
326
308
332
309
295
302
341
318
278
218
219
249
215
186
158
161
157
136
116
104
105
96
91
80
70
82
92
85
77
69
77
110
111
110
149
154
147
143
126
129
147
143
127
130
166
178
170
162
155
148
133
156
156
162
168
199
211
227
210
256
361
442
563
553
513
499
442
390
434
430
370
342
350
382
381
357
354
428
445
413
354
382
447
432
400
421
500
527
525
482
485
516
477
450
513
504
457
472
434
403
374
411
353
423
404
387
396
375
361
307
261
250
272
289
265
266
296
269
263
247
214
191
159
123
108
91
73
61
55
60
62
55
58
61
54
69
102
124
126
123
116
111
94
80
61
59
60
52
57
62
81
76
81
87
83
68
60
53
60
61
62
67
75
90
97
98
95
100
94
101
101
169
207
255
254
220
267
254
246
274
353
392
374
355
283
292
311
286
325
322
322
295
282
239
271
322
312
301
271
274
248
242
243
278
276
258
226
210
206
181
151
139
141
161
159
140
138
163
150
135
130
124
108
117
134
143
129
177
176
161
150
169
176
209
245
261
272
242
229
191
171
157
144
186
185
200
208
226
212
214
207
175
171
155
139
123
120
111
126
148
193
187
194
198
184
187
185
170
180
179
178
171
172
170
191
165
149
136
118
117
99
104
101
98
90
92
111
121
107
112
109
91
95
96
86
94
89
88
87
83
76
69
56
54
48
72
84
113
133
140
156
134
134
120
164
146
156
177
186
188
165
149
133
135
109
96
79
80
86
95
90
73
65
54
45
43
50
53
53
65
70
118
129
137
139
129
112
105
89
90
65
57
52
43
71
99
122
131
121
122
123
116
115
137
134
118
123
122
130
93
84
82
94
120
119
117
108
123
144
147
132
175
191
191
180
169
159
146
171
296
384
389
419
447
447
428
389
353
344
343
363
438
426
491
472
466
466
411
408
423
407
374
367
376
359
337
299
274
234
238
210
186
173
147
119
118
171
168
174
192
208
210
208
198
187
190
186
170
146
157
147
153
134
130
122
128
132
159
145
134
115
111
107
85
107
124
119
99
116
124
147
140
116
131
123
167
168
149
153
165
182
163
167
152
168
222
274
273
242
255
245
231
229
239
285
324
296
274
250
212
192
169
175
217
231
237
245
212
192
177
222
184
185
175
168
223
210
187
172
159
139
139
127
146
196
207
198
178
165
176
149
159
175
188
191
167
155
145
133
125
122
109
129
132
142
131
115
90
111
131
122
137
145
148
134
150
127
108
111
119
129
158
142
122
124
128
113
109
163
145
126
128
150
123
107
98
130
179
200
363
394
362
334
299
271
270
267
269
396
404
383
335
304
266
267
200
186
233
223
228
242
244
227
265
254
264
275
331
298
269
268
234
210
200
180
161
203
198
201
187
239
288
273
272
245
225
214
215
191
211
236
243
220
200
176
168
171
195
236
243
266
288
306
311
342
349
343
311
271
295
316
314
341
331
333
372
396
405
406
408
387
337
381
329
311
317
433
498
485
464
545
555
513
443
518
834
837
832
773
710
672
647
616
706
744
744
710
642
593
523
507
637
728
736
723
693
714
689
669
626
601
640
655
659
627
614
576
581
566
528
512
479
471
459
426
440
417
423
374
319
288
261
323
337
369
377
374
386
324
275
281
325
353
302
306
313
372
400
344
330
363
403
356
334
307
305
289
310
318
309
366
377
347
323
285
258
275
328
329
423
431
425
425
386
343
327
332
303
272
253
218
207
211
206
302
394
437
414
412
347
354
320
271
342
403
472
459
422
370
347
333
335
328
305
275
273
258
225
225
235
237
251
269
241
250
271
281
266
235
211
215
205
276
347
339
310
289
271
276
294
288
385
420
407
385
340
331
325
335
318
353
396
452
439
395
411
407
370
344
358
388
433
418
391
371
328
293
277
236
243
275
312
345
378
367
341
304
250
226
214
261
314
331
292
277
252
203
181
112
104
99
140
143
155
175
157
144
145
138
126
123
106
86
72
72
77
82
106
106
103
125
131
144
159
